[[-2.4289990e-02 -1.7005000e-01  1.1800100e-03 ...  3.2509002e-01
   1.9942001e-01  9.9999999e-09]
 [-6.4118803e-02 -3.6709285e-01 -9.3886852e-03 ...  2.4719238e-01
   2.7475259e-01  3.6126408e-01]
 [-7.8265816e-02 -3.3728057e-01 -2.1939397e-02 ...  2.4392594e-01
   2.7380630e-01  3.5309669e-01]
 ...
 [ 1.7040849e-02 -2.5598830e-01  5.0056666e-02 ...  4.6006119e-01
   4.7136372e-01  1.9913384e-01]
 [ 1.7934918e-02 -2.6259038e-01  5.0484121e-02 ...  4.7061211e-01
   4.4817606e-01  2.0666257e-01]
 [ 1.8259764e-02 -2.6705515e-01  4.9818009e-02 ...  4.8991641e-01
   4.4084850e-01  2.2174177e-01]]
[[ 1.3940010e-02 -2.1643999e-01 -2.3999000e-04 ...  2.0119001e-01
   2.3734000e-01  9.9999999e-09]
 [-6.8015158e-02 -3.5974467e-01 -3.1266212e-03 ...  2.4939942e-01
   2.5847441e-01  3.4942013e-01]
 [-8.2362533e-02 -3.3087012e-01 -1.5349716e-02 ...  2.4742255e-01
   2.6906174e-01  3.4617811e-01]
 ...
 [ 1.1231720e-02 -2.5451717e-01  5.9036016e-02 ...  4.6489510e-01
   4.7617885e-01  1.8717906e-01]
 [ 1.2133300e-02 -2.6110125e-01  5.9482962e-02 ...  4.7545403e-01
   4.5300558e-01  1.9471103e-01]
 [ 1.2434721e-02 -2.6559374e-01  5.8837414e-02 ...  4.9473405e-01
   4.4568169e-01  2.0978880e-01]]
[[-1.0999900e-03 -2.3940998e-01  5.9100101e-03 ...  3.0580002e-01
   2.9207000e-01  9.9999999e-09]
 [-6.6001177e-02 -3.6599684e-01  6.0070455e-03 ...  2.4497110e-01
   2.8002223e-01  3.4881863e-01]
 [-7.8281283e-02 -3.3570188e-01 -1.1289090e-02 ...  2.4460247e-01
   2.7679020e-01  3.4247458e-01]
 ...
 [-4.6502233e-02 -1.9866917e-01 -1.7288151e-01 ...  2.3274654e-01
   3.0822733e-01  6.6116357e-01]
 [-4.7571868e-02 -2.0693623e-01 -1.7266777e-01 ...  2.4334355e-01
   2.9331622e-01  6.6525298e-01]
 [-4.9331635e-02 -2.1374387e-01 -1.7289537e-01 ...  2.5810322e-01
   2.8881165e-01  6.7664802e-01]]
[[ 5.5400101e-03 -2.1774998e-01 -1.0499900e-03 ...  5.1710004e-01
   2.2598001e-01  9.9999999e-09]
 [-6.9867432e-02 -3.7112021e-01 -1.7072499e-02 ...  2.4487221e-01
   2.9170245e-01  3.6380714e-01]
 [-8.3661854e-02 -3.3980438e-01 -2.1321416e-02 ...  2.4131471e-01
   2.8239179e-01  3.4680772e-01]
 ...
 [ 1.1560023e-02 -2.5468874e-01  5.8640778e-02 ...  4.6471983e-01
   4.7613353e-01  1.8719870e-01]
 [ 1.2453318e-02 -2.6126218e-01  5.9090793e-02 ...  4.7531167e-01
   4.5297670e-01  1.9472042e-01]
 [ 1.2753546e-02 -2.6575267e-01  5.8441043e-02 ...  4.9458665e-01
   4.4565299e-01  2.0979691e-01]]
[[-2.05099899e-02 -2.31759995e-01 -1.11999002e-03 ...  3.75320017e-01
   1.09990008e-01  9.99999994e-09]
 [-6.31021857e-02 -3.63433838e-01 -9.49454308e-03 ...  2.50296474e-01
   2.81820893e-01  3.62039685e-01]
 [-7.72922933e-02 -3.33396554e-01 -1.64740682e-02 ...  2.47166947e-01
   2.78620571e-01  3.45481068e-01]
 ...
 [ 1.21308565e-02 -2.54179239e-01  5.86958230e-02 ...  4.64225143e-01
   4.75974679e-01  1.87413156e-01]
 [ 1.30342841e-02 -2.60761082e-01  5.91410697e-02 ...  4.74787444e-01
   4.52806920e-01  1.94943696e-01]
 [ 1.33360624e-02 -2.65252650e-01  5.84900975e-02 ...  4.94063854e-01
   4.45477754e-01  2.10018963e-01]]
[[-2.4289990e-02 -1.7005000e-01  1.1800100e-03 ...  3.2509002e-01
   1.9942001e-01  9.9999999e-09]
 [-1.2808025e-01 -2.1655130e-01  2.1229863e-02 ...  2.4712992e-01
   1.9885382e-01  3.4398103e-01]
 [-1.3181993e-01 -1.9115242e-01  9.5483661e-03 ...  2.3894458e-01
   2.0000052e-01  3.3919245e-01]
 ...
 [-9.2445403e-02 -1.3752434e-01  1.0227507e-01 ...  4.6273106e-01
   3.6299574e-01  2.2769707e-01]
 [-9.1851115e-02 -1.4259094e-01  1.0192746e-01 ...  4.7110540e-01
   3.4496230e-01  2.3395747e-01]
 [-9.1804177e-02 -1.4620700e-01  1.0006988e-01 ...  4.8594865e-01
   3.3910683e-01  2.4668404e-01]]
[[ 1.39400102e-02 -2.16439992e-01 -2.39989997e-04 ...  2.01190010e-01
   2.37340003e-01  9.99999994e-09]
 [-1.29812896e-01 -2.11464286e-01  2.48252153e-02 ...  2.47988403e-01
   1.85059220e-01  3.34067047e-01]
 [-1.34362146e-01 -1.86373904e-01  1.37623549e-02 ...  2.41079837e-01
   1.94548368e-01  3.34452182e-01]
 ...
 [-9.63802338e-02 -1.36734366e-01  1.07650369e-01 ...  4.66048181e-01
   3.65779400e-01  2.19851524e-01]
 [-9.57801342e-02 -1.41833454e-01  1.07286632e-01 ...  4.74435687e-01
   3.47772986e-01  2.26097584e-01]
 [-9.57091749e-02 -1.45482242e-01  1.05446726e-01 ...  4.89308655e-01
   3.41995299e-01  2.38811076e-01]]
[[-1.09998998e-03 -2.39409983e-01  5.91001008e-03 ...  3.05800021e-01
   2.92070001e-01  9.99999994e-09]
 [-1.29474163e-01 -2.15697885e-01  3.23965549e-02 ...  2.45575547e-01
   2.02386647e-01  3.35581303e-01]
 [-1.31357893e-01 -1.90220907e-01  1.69567466e-02 ...  2.39892751e-01
   2.01282710e-01  3.32126319e-01]
 ...
 [-1.35606229e-01 -7.93040991e-02 -1.19653910e-01 ...  2.46275246e-01
   2.04589695e-01  6.56696439e-01]
 [-1.36213422e-01 -8.46877247e-02 -1.20290458e-01 ...  2.53635705e-01
   1.92716986e-01  6.60601139e-01]
 [-1.37728184e-01 -8.92469585e-02 -1.21614754e-01 ...  2.64761239e-01
   1.88997090e-01  6.70554757e-01]]
[[ 5.5400101e-03 -2.1774998e-01 -1.0499900e-03 ...  5.1710004e-01
   2.2598001e-01  9.9999999e-09]
 [-1.3248909e-01 -2.2010136e-01  1.4135331e-02 ...  2.4572194e-01
   2.1165884e-01  3.4769976e-01]
 [-1.3571931e-01 -1.9380197e-01  8.1574917e-03 ...  2.3804718e-01
   2.0535702e-01  3.3626902e-01]
 ...
 [-9.6172452e-02 -1.3694963e-01  1.0740712e-01 ...  4.6598637e-01
   3.6580056e-01  2.1992421e-01]
 [-9.5573038e-02 -1.4204770e-01  1.0705048e-01 ...  4.7438899e-01
   3.4780285e-01  2.2616959e-01]
 [-9.5498562e-02 -1.4569676e-01  1.0520974e-01 ...  4.8926285e-01
   3.4202811e-01  2.3888263e-01]]
[[-2.05099899e-02 -2.31759995e-01 -1.11999002e-03 ...  3.75320017e-01
   1.09990008e-01  9.99999994e-09]
 [-1.27374113e-01 -2.14121938e-01  2.03352273e-02 ...  2.50495613e-01
   2.03673989e-01  3.46365005e-01]
 [-1.30879313e-01 -1.88883826e-01  1.32167339e-02 ...  2.42562473e-01
   2.02978790e-01  3.34624141e-01]
 ...
 [-9.58240032e-02 -1.36549860e-01  1.07495815e-01 ...  4.65699196e-01
   3.65681559e-01  2.20014840e-01]
 [-9.52225029e-02 -1.41649127e-01  1.07133210e-01 ...  4.74090099e-01
   3.47675800e-01  2.26261258e-01]
 [-9.51500237e-02 -1.45296127e-01  1.05297774e-01 ...  4.88962531e-01
   3.41901153e-01  2.38971412e-01]]
[[-2.42899898e-02 -1.70049995e-01  1.18001003e-03 ...  3.25090021e-01
   1.99420005e-01  9.99999994e-09]
 [-4.68624234e-02 -2.86441684e-01  1.55174136e-02 ...  2.43237138e-01
   1.93975270e-01  2.88873792e-01]
 [-5.08598685e-02 -2.65178233e-01  7.45582581e-03 ...  2.30143607e-01
   1.93178803e-01  2.82678306e-01]
 ...
 [-3.13993692e-02 -2.39115179e-01  1.11364245e-01 ...  4.80154753e-01
   3.60502183e-01  1.76729023e-01]
 [-3.09028625e-02 -2.44306087e-01  1.10804260e-01 ...  4.88898963e-01
   3.42346042e-01  1.82923406e-01]
 [-3.09466720e-02 -2.48324573e-01  1.08451486e-01 ...  5.04107177e-01
   3.36572111e-01  1.96367651e-01]]
[[ 1.3940010e-02 -2.1643999e-01 -2.3999000e-04 ...  2.0119001e-01
   2.3734000e-01  9.9999999e-09]
 [-4.7823608e-02 -2.8195763e-01  1.8489569e-02 ...  2.4361300e-01
   1.8040711e-01  2.7829507e-01]
 [-5.3064018e-02 -2.6094255e-01  1.1045009e-02 ...  2.3162311e-01
   1.8786490e-01  2.7798316e-01]
 ...
 [-3.4925282e-02 -2.3844877e-01  1.1644885e-01 ...  4.8330355e-01
   3.6303902e-01  1.6896400e-01]
 [-3.4442246e-02 -2.4362218e-01  1.1588374e-01 ...  4.9205032e-01
   3.4493789e-01  1.7521012e-01]
 [-3.4502566e-02 -2.4766123e-01  1.1355209e-01 ...  5.0727606e-01
   3.3918482e-01  1.8863872e-01]]
[[-1.0999900e-03 -2.3940998e-01  5.9100101e-03 ...  3.0580002e-01
   2.9207000e-01  9.9999999e-09]
 [-4.8188269e-02 -2.8565085e-01  2.6179641e-02 ...  2.4129760e-01
   1.9740778e-01  2.8100604e-01]
 [-5.0355524e-02 -2.6458734e-01  1.4538497e-02 ...  2.3101735e-01
   1.9424468e-01  2.7598506e-01]
 ...
 [-8.1790566e-02 -1.7050633e-01 -1.1477959e-01 ...  2.4317837e-01
   1.8749586e-01  6.5232158e-01]
 [-8.2649261e-02 -1.7589873e-01 -1.1546093e-01 ...  2.5024915e-01
   1.7563754e-01  6.5625596e-01]
 [-8.4509522e-02 -1.8053770e-01 -1.1704233e-01 ...  2.6142323e-01
   1.7174906e-01  6.6648281e-01]]
[[ 5.54001005e-03 -2.17749983e-01 -1.04998995e-03 ...  5.17100036e-01
   2.25980014e-01  9.99999994e-09]
 [-5.12570143e-02 -2.90443182e-01  8.41462612e-03 ...  2.42136240e-01
   2.06254125e-01  2.93247700e-01]
 [-5.45873940e-02 -2.68522084e-01  5.46991825e-03 ...  2.29710519e-01
   1.98214829e-01  2.80420035e-01]
 ...
 [-3.47259045e-02 -2.38718212e-01  1.16305709e-01 ...  4.83259261e-01
   3.63086402e-01  1.69053048e-01]
 [-3.42442393e-02 -2.43887782e-01  1.15746081e-01 ...  4.92021501e-01
   3.44993114e-01  1.75292879e-01]
 [-3.43079567e-02 -2.47928977e-01  1.13416135e-01 ...  5.07249355e-01
   3.39240372e-01  1.88718140e-01]]
[[-2.05099899e-02 -2.31759995e-01 -1.11999002e-03 ...  3.75320017e-01
   1.09990008e-01  9.99999994e-09]
 [-4.64540720e-02 -2.84124613e-01  1.46072507e-02 ...  2.46588230e-01
   1.98381364e-01  2.91928887e-01]
 [-4.99938726e-02 -2.63338357e-01  1.09584630e-02 ...  2.34094590e-01
   1.96232170e-01  2.78890878e-01]
 ...
 [-3.43992710e-02 -2.38296390e-01  1.16403669e-01 ...  4.82994795e-01
   3.62964660e-01  1.69102430e-01]
 [-3.39127779e-02 -2.43469179e-01  1.15837425e-01 ...  4.91740733e-01
   3.44859093e-01  1.75344408e-01]
 [-3.39738131e-02 -2.47506797e-01  1.13508254e-01 ...  5.06967485e-01
   3.39103132e-01  1.88771546e-01]]
[[-2.4289990e-02 -1.7005000e-01  1.1800100e-03 ...  3.2509002e-01
   1.9942001e-01  9.9999999e-09]
 [-8.4357858e-03 -2.6795936e-01  5.3566933e-02 ...  2.1215653e-01
   1.6371554e-01  2.3043144e-01]
 [-1.1056095e-02 -2.4766251e-01  4.3946713e-02 ...  1.9691086e-01
   1.6227069e-01  2.2233906e-01]
 ...
 [-2.8716922e-03 -2.5400472e-01  1.6164201e-01 ...  4.7695440e-01
   3.3728176e-01  1.3025585e-01]
 [-2.3779273e-03 -2.5935823e-01  1.6059196e-01 ...  4.8608035e-01
   3.1835189e-01  1.3657364e-01]
 [-2.9912591e-03 -2.6380473e-01  1.5775922e-01 ...  5.0227433e-01
   3.1213060e-01  1.5080997e-01]]
[[ 1.3940010e-02 -2.1643999e-01 -2.3999000e-04 ...  2.0119001e-01
   2.3734000e-01  9.9999999e-09]
 [-8.6361170e-03 -2.6385319e-01  5.6263149e-02 ...  2.1220738e-01
   1.4997476e-01  2.1868637e-01]
 [-1.2975782e-02 -2.4367161e-01  4.7206223e-02 ...  1.9777530e-01
   1.5693414e-01  2.1705350e-01]
 ...
 [-6.5931082e-03 -2.5356460e-01  1.6675046e-01 ...  4.8024318e-01
   3.3977765e-01  1.2236613e-01]
 [-6.0855746e-03 -2.5891572e-01  1.6570470e-01 ...  4.8938847e-01
   3.2084608e-01  1.2872648e-01]
 [-6.6757798e-03 -2.6335600e-01  1.6286764e-01 ...  5.0556868e-01
   3.1460640e-01  1.4299875e-01]]
[[-1.0999900e-03 -2.3940998e-01  5.9100101e-03 ...  3.0580002e-01
   2.9207000e-01  9.9999999e-09]
 [-9.8420978e-03 -2.6707757e-01  6.4304471e-02 ...  2.1001077e-01
   1.6698161e-01  2.2270966e-01]
 [-1.0546029e-02 -2.4721031e-01  5.1248401e-02 ...  1.9775322e-01
   1.6323361e-01  2.1559757e-01]
 ...
 [-6.2401146e-02 -1.6520941e-01 -7.8422695e-02 ...  2.1851960e-01
   1.5385559e-01  6.6275620e-01]
 [-6.3389927e-02 -1.7087492e-01 -7.9632640e-02 ...  2.2536165e-01
   1.4161503e-01  6.6684914e-01]
 [-6.5509140e-02 -1.7598473e-01 -8.1750274e-02 ...  2.3651731e-01
   1.3730985e-01  6.7749780e-01]]
[[ 5.5400101e-03 -2.1774998e-01 -1.0499900e-03 ...  5.1710004e-01
   2.2598001e-01  9.9999999e-09]
 [-1.3151228e-02 -2.7248192e-01  4.6182513e-02 ...  2.1171331e-01
   1.7622235e-01  2.3531553e-01]
 [-1.5071452e-02 -2.5176433e-01  4.1585445e-02 ...  1.9670576e-01
   1.6770592e-01  2.2075984e-01]
 ...
 [-6.3892007e-03 -2.5386900e-01  1.6674030e-01 ...  4.8022431e-01
   3.3985701e-01  1.2244868e-01]
 [-5.8887005e-03 -2.5921518e-01  1.6569334e-01 ...  4.8938960e-01
   3.2093066e-01  1.2880734e-01]
 [-6.4811707e-03 -2.6365674e-01  1.6285598e-01 ...  5.0556999e-01
   3.1468639e-01  1.4307883e-01]]
[[-2.05099899e-02 -2.31759995e-01 -1.11999002e-03 ...  3.75320017e-01
   1.09990008e-01  9.99999994e-09]
 [-8.29970837e-03 -2.65724659e-01  5.27377725e-02 ...  2.15844452e-01
   1.67856812e-01  2.34227598e-01]
 [-1.01141334e-02 -2.46078059e-01  4.75628078e-02 ...  2.01248139e-01
   1.65488929e-01  2.18921393e-01]
 ...
 [-6.06387854e-03 -2.53418833e-01  1.66843295e-01 ...  4.79964495e-01
   3.39715034e-01  1.22478545e-01]
 [-5.55735826e-03 -2.58768141e-01  1.65795743e-01 ...  4.89111781e-01
   3.20782155e-01  1.28837109e-01]
 [-6.14708662e-03 -2.63208449e-01  1.62958384e-01 ...  5.05291760e-01
   3.14539373e-01  1.43109471e-01]]
[[-2.4289990e-02 -1.7005000e-01  1.1800100e-03 ...  3.2509002e-01
   1.9942001e-01  9.9999999e-09]
 [-1.9628882e-02 -2.3658955e-01  4.7003210e-02 ...  1.9813335e-01
   1.8499380e-01  1.8004733e-01]
 [-2.3113370e-02 -2.1637592e-01  3.6564916e-02 ...  1.8235764e-01
   1.8408152e-01  1.7129239e-01]
 ...
 [-2.3256779e-02 -2.5107303e-01  1.6847226e-01 ...  4.9005151e-01
   3.6716747e-01  9.6707135e-02]
 [-2.2605300e-02 -2.5645950e-01  1.6706860e-01 ...  4.9949324e-01
   3.4750912e-01  1.0334095e-01]
 [-2.2990704e-02 -2.6097786e-01  1.6351974e-01 ...  5.1643860e-01
   3.4128743e-01  1.1830276e-01]]
[[ 1.3940010e-02 -2.1643999e-01 -2.3999000e-04 ...  2.0119001e-01
   2.3734000e-01  9.9999999e-09]
 [-1.9400001e-02 -2.3255205e-01  4.9556881e-02 ...  1.9785613e-01
   1.7116874e-01  1.6693956e-01]
 [-2.4866402e-02 -2.1247903e-01  3.9736867e-02 ...  1.8271828e-01
   1.7860585e-01  1.6526514e-01]
 ...
 [-2.6991844e-02 -2.5078216e-01  1.7382678e-01 ...  4.9332738e-01
   3.6961785e-01  8.8450223e-02]
 [-2.6321590e-02 -2.5611937e-01  1.7240649e-01 ...  5.0280070e-01
   3.4996033e-01  9.5048368e-02]
 [-2.6715577e-02 -2.6064402e-01  1.6879630e-01 ...  5.1975429e-01
   3.4369373e-01  1.0998958e-01]]
[[-1.0999900e-03 -2.3940998e-01  5.9100101e-03 ...  3.0580002e-01
   2.9207000e-01  9.9999999e-09]
 [-2.1224976e-02 -2.3563790e-01  5.7953060e-02 ...  1.9577467e-01
   1.8821645e-01  1.7235368e-01]
 [-2.2580653e-02 -2.1595934e-01  4.4162512e-02 ...  1.8299034e-01
   1.8487844e-01  1.6444865e-01]
 ...
 [-8.8167161e-02 -1.4648688e-01 -7.8589290e-02 ...  2.1719927e-01
   1.7949799e-01  6.8483460e-01]
 [-8.9450836e-02 -1.5242817e-01 -7.9848915e-02 ...  2.2420579e-01
   1.6712734e-01  6.8879277e-01]
 [-9.1844887e-02 -1.5790287e-01 -8.2074225e-02 ...  2.3556653e-01
   1.6286191e-01  6.9939363e-01]]
[[ 5.54001005e-03 -2.17749983e-01 -1.04998995e-03 ...  5.17100036e-01
   2.25980014e-01  9.99999994e-09]
 [-2.43074894e-02 -2.41671562e-01  3.94096971e-02 ...  1.98121905e-01
   1.97716445e-01  1.85445786e-01]
 [-2.71682143e-02 -2.21016839e-01  3.39235961e-02 ...  1.82519019e-01
   1.89532578e-01  1.69888020e-01]
 ...
 [-2.67726183e-02 -2.51092017e-01  1.73965573e-01 ...  4.93340522e-01
   3.69718492e-01  8.84939432e-02]
 [-2.61083245e-02 -2.56424725e-01  1.72547013e-01 ...  5.02836287e-01
   3.50064099e-01  9.50897038e-02]
 [-2.65046358e-02 -2.60951996e-01  1.68933928e-01 ...  5.19791245e-01
   3.43797147e-01  1.10029995e-01]]
[[-2.0509990e-02 -2.3176000e-01 -1.1199900e-03 ...  3.7532002e-01
   1.0999001e-01  9.9999999e-09]
 [-1.9667923e-02 -2.3456478e-01  4.6227187e-02 ...  2.0197582e-01
   1.8897951e-01  1.8443918e-01]
 [-2.2136569e-02 -2.1488802e-01  4.0496022e-02 ...  1.8662044e-01
   1.8725321e-01  1.6791764e-01]
 ...
 [-2.6444852e-02 -2.5060901e-01  1.7406404e-01 ...  4.9308375e-01
   3.6956686e-01  8.8515818e-02]
 [-2.5771737e-02 -2.5594726e-01  1.7264462e-01 ...  5.0255513e-01
   3.4990564e-01  9.5113337e-02]
 [-2.6167870e-02 -2.6047224e-01  1.6903442e-01 ...  5.1950860e-01
   3.4363720e-01  1.1005378e-01]]
[[-2.4289990e-02 -1.7005000e-01  1.1800100e-03 ...  3.2509002e-01
   1.9942001e-01  9.9999999e-09]
 [-8.6936951e-03 -2.3813200e-01  3.1334519e-02 ...  1.9581217e-01
   1.7031413e-01  1.2240732e-01]
 [-1.0921538e-02 -2.1573904e-01  2.0516723e-02 ...  1.7878592e-01
   1.6922060e-01  1.1237925e-01]
 ...
 [-5.0339699e-03 -3.0041319e-01  1.7594045e-01 ...  5.2854252e-01
   3.6850196e-01  6.9989979e-02]
 [-4.2682290e-03 -3.0580229e-01  1.7379850e-01 ...  5.3848886e-01
   3.4760609e-01  7.7138782e-02]
 [-4.2639971e-03 -3.1091350e-01  1.6975126e-01 ...  5.5605489e-01
   3.4106806e-01  9.3536764e-02]]
[[ 1.3940010e-02 -2.1643999e-01 -2.3999000e-04 ...  2.0119001e-01
   2.3734000e-01  9.9999999e-09]
 [-7.5905919e-03 -2.3421764e-01  3.3918798e-02 ...  1.9464827e-01
   1.5643361e-01  1.0665846e-01]
 [-1.2063086e-02 -2.1168351e-01  2.3728698e-02 ...  1.7769673e-01
   1.6368878e-01  1.0450083e-01]
 ...
 [-8.7603331e-03 -3.0000705e-01  1.8189284e-01 ...  5.3226614e-01
   3.7081873e-01  6.0062706e-02]
 [-7.9598427e-03 -3.0534232e-01  1.7981020e-01 ...  5.4221421e-01
   3.4990132e-01  6.7209363e-02]
 [-7.9607368e-03 -3.1046808e-01  1.7576623e-01 ...  5.5978584e-01
   3.4338740e-01  8.3612800e-02]]
[[-1.0999900e-03 -2.3940998e-01  5.9100101e-03 ...  3.0580002e-01
   2.9207000e-01  9.9999999e-09]
 [-1.0346413e-02 -2.3694217e-01  4.2915583e-02 ...  1.9293451e-01
   1.7365158e-01  1.1421433e-01]
 [-1.0294676e-02 -2.1519688e-01  2.8930992e-02 ...  1.7921510e-01
   1.6987520e-01  1.0471648e-01]
 ...
 [-7.0997953e-02 -1.7855561e-01 -6.9237858e-02 ...  2.3416251e-01
   1.6815522e-01  7.2853971e-01]
 [-7.2511375e-02 -1.8415925e-01 -7.1065903e-02 ...  2.4105453e-01
   1.5552753e-01  7.3308051e-01]
 [-7.4905515e-02 -1.8951091e-01 -7.3865235e-02 ...  2.5228909e-01
   1.5137807e-01  7.4426550e-01]]
[[ 5.5400101e-03 -2.1774998e-01 -1.0499900e-03 ...  5.1710004e-01
   2.2598001e-01  9.9999999e-09]
 [-1.3311267e-02 -2.4397862e-01  2.3619175e-02 ...  1.9764960e-01
   1.8339741e-01  1.2815076e-01]
 [-1.5167177e-02 -2.2156821e-01  1.7741829e-02 ...  1.8049768e-01
   1.7507005e-01  1.1126700e-01]
 ...
 [-8.4859729e-03 -3.0025753e-01  1.8238592e-01 ...  5.3233027e-01
   3.7101197e-01  5.9953451e-02]
 [-7.6939464e-03 -3.0559462e-01  1.8030044e-01 ...  5.4229975e-01
   3.5010335e-01  6.7093760e-02]
 [-7.6900125e-03 -3.1072181e-01  1.7625651e-01 ...  5.5987197e-01
   3.4358537e-01  8.3493590e-02]]
[[-2.0509990e-02 -2.3176000e-01 -1.1199900e-03 ...  3.7532002e-01
   1.0999001e-01  9.9999999e-09]
 [-8.9394450e-03 -2.3626280e-01  3.0820519e-02 ...  2.0048320e-01
   1.7429450e-01  1.2711185e-01]
 [-9.9022388e-03 -2.1436357e-01  2.5065631e-02 ...  1.8366343e-01
   1.7247486e-01  1.0892880e-01]
 ...
 [-8.1343651e-03 -2.9971409e-01  1.8248045e-01 ...  5.3209078e-01
   3.7080514e-01  5.9982002e-02]
 [-7.3348880e-03 -3.0505785e-01  1.8039554e-01 ...  5.4203176e-01
   3.4989065e-01  6.7124605e-02]
 [-7.3335171e-03 -3.1018418e-01  1.7635217e-01 ...  5.5960274e-01
   3.4337664e-01  8.3524048e-02]]
[[-2.42899898e-02 -1.70049995e-01  1.18001003e-03 ...  3.25090021e-01
   1.99420005e-01  9.99999994e-09]
 [-2.79366374e-02 -2.08053708e-01  2.96795368e-02 ...  1.83519483e-01
   1.69817448e-01  1.15058005e-01]
 [-3.01272571e-02 -1.84612691e-01  1.90532804e-02 ...  1.65773034e-01
   1.68648541e-01  1.04249209e-01]
 ...
 [-1.50726438e-02 -2.84231842e-01  1.88357174e-01 ...  5.32940745e-01
   3.77520889e-01  6.84553087e-02]
 [-1.40501261e-02 -2.89624393e-01  1.86333477e-01 ...  5.43034434e-01
   3.56361002e-01  7.58229792e-02]
 [-1.39364004e-02 -2.94898957e-01  1.82032526e-01 ...  5.60846090e-01
   3.49713802e-01  9.26354527e-02]]
[[ 1.3940010e-02 -2.1643999e-01 -2.3999000e-04 ...  2.0119001e-01
   2.3734000e-01  9.9999999e-09]
 [-2.6668608e-02 -2.0429194e-01  3.2296062e-02 ...  1.8194336e-01
   1.5582517e-01  9.7871900e-02]
 [-3.1259984e-02 -1.8050422e-01  2.2166103e-02 ...  1.6397858e-01
   1.6314143e-01  9.5101178e-02]
 ...
 [-1.8790305e-02 -2.8367162e-01  1.9472098e-01 ...  5.3691453e-01
   3.7968016e-01  5.7599962e-02]
 [-1.7757714e-02 -2.8908768e-01  1.9272655e-01 ...  5.4699910e-01
   3.5859454e-01  6.4928174e-02]
 [-1.7635405e-02 -2.9435101e-01  1.8841192e-01 ...  5.6480718e-01
   3.5193071e-01  8.1736654e-02]]
[[-1.0999900e-03 -2.3940998e-01  5.9100101e-03 ...  3.0580002e-01
   2.9207000e-01  9.9999999e-09]
 [-2.9649973e-02 -2.0656812e-01  4.1486949e-02 ...  1.8045145e-01
   1.7324951e-01  1.0632336e-01]
 [-2.9549092e-02 -1.8384606e-01  2.7749389e-02 ...  1.6607827e-01
   1.6931662e-01  9.5882088e-02]
 ...
 [-7.9981685e-02 -1.5518570e-01 -5.9631377e-02 ...  2.3451081e-01
   1.7444941e-01  7.5230682e-01]
 [-8.1391931e-02 -1.6044156e-01 -6.1321855e-02 ...  2.4153894e-01
   1.6160163e-01  7.5706732e-01]
 [-8.3793312e-02 -1.6547933e-01 -6.4252198e-02 ...  2.5288314e-01
   1.5737608e-01  7.6847029e-01]]
[[ 5.5400101e-03 -2.1774998e-01 -1.0499900e-03 ...  5.1710004e-01
   2.2598001e-01  9.9999999e-09]
 [-3.2299757e-02 -2.1409523e-01  2.2195458e-02 ...  1.8644017e-01
   1.8297794e-01  1.2059939e-01]
 [-3.4299493e-02 -1.9075415e-01  1.6442984e-02 ...  1.6847113e-01
   1.7462444e-01  1.0309452e-01]
 ...
 [-1.8474996e-02 -2.8386760e-01  1.9540212e-01 ...  5.3699434e-01
   3.7993753e-01  5.7380617e-02]
 [-1.7449796e-02 -2.8927463e-01  1.9340369e-01 ...  5.4711282e-01
   3.5885030e-01  6.4704478e-02]
 [-1.7327309e-02 -2.9453659e-01  1.8908691e-01 ...  5.6491995e-01
   3.5218513e-01  8.1511319e-02]]
[[-2.0509990e-02 -2.3176000e-01 -1.1199900e-03 ...  3.7532002e-01
   1.0999001e-01  9.9999999e-09]
 [-2.8064430e-02 -2.0601737e-01  2.9471099e-02 ...  1.8863982e-01
   1.7388016e-01  1.1952233e-01]
 [-2.9029757e-02 -1.8308288e-01  2.3808569e-02 ...  1.7086989e-01
   1.7190939e-01  1.0037699e-01]
 ...
 [-1.8115342e-02 -2.8330618e-01  1.9549376e-01 ...  5.3677452e-01
   3.7969828e-01  5.7417870e-02]
 [-1.7082989e-02 -2.8872037e-01  1.9349527e-01 ...  5.4686081e-01
   3.5860476e-01  6.4746559e-02]
 [-1.6959488e-02 -2.9398224e-01  1.8917951e-01 ...  5.6466955e-01
   3.5194191e-01  8.1553042e-02]]
[[-2.4289990e-02 -1.7005000e-01  1.1800100e-03 ...  3.2509002e-01
   1.9942001e-01  9.9999999e-09]
 [-3.1025648e-02 -2.2338367e-01  2.3353904e-02 ...  1.7437398e-01
   1.6341439e-01  8.1786990e-02]
 [-3.3131659e-02 -2.0014925e-01  1.3039142e-02 ...  1.5580463e-01
   1.6257852e-01  7.0893645e-02]
 ...
 [-9.8456144e-03 -3.0962515e-01  1.9234711e-01 ...  5.3767675e-01
   3.8089460e-01  4.2680472e-02]
 [-9.2176795e-03 -3.1514090e-01  1.9020408e-01 ...  5.4799592e-01
   3.5955030e-01  5.0498605e-02]
 [-9.3347430e-03 -3.2047254e-01  1.8557280e-01 ...  5.6605482e-01
   3.5282686e-01  6.7691565e-02]]
[[ 1.3940010e-02 -2.1643999e-01 -2.3999000e-04 ...  2.0119001e-01
   2.3734000e-01  9.9999999e-09]
 [-2.9511034e-02 -2.1979833e-01  2.5910556e-02 ...  1.7213452e-01
   1.4932275e-01  6.3123286e-02]
 [-3.4042597e-02 -1.9617736e-01  1.6145796e-02 ...  1.5317354e-01
   1.5719217e-01  6.0589135e-02]
 ...
 [-1.3468742e-02 -3.0886370e-01  1.9902933e-01 ...  5.4174274e-01
   3.8280034e-01  3.0819058e-02]
 [-1.2834609e-02 -3.1436393e-01  1.9697666e-01 ...  5.5204207e-01
   3.6150232e-01  3.8653284e-02]
 [-1.2934566e-02 -3.1969371e-01  1.9231737e-01 ...  5.7006484e-01
   3.5480019e-01  5.5820882e-02]]
[[-1.0999900e-03 -2.3940998e-01  5.9100101e-03 ...  3.0580002e-01
   2.9207000e-01  9.9999999e-09]
 [-3.2714605e-02 -2.2156012e-01  3.5405189e-02 ...  1.7102706e-01
   1.6691151e-01  7.2442830e-02]
 [-3.2485813e-02 -1.9913197e-01  2.2053570e-02 ...  1.5601361e-01
   1.6327438e-01  6.1875463e-02]
 ...
 [-7.1220279e-02 -1.7347467e-01 -5.9309810e-02 ...  2.3611075e-01
   1.7379460e-01  7.4345160e-01]
 [-7.2703868e-02 -1.7826326e-01 -6.1013699e-02 ...  2.4313372e-01
   1.6081426e-01  7.4854434e-01]
 [-7.5114548e-02 -1.8303415e-01 -6.4122826e-02 ...  2.5460166e-01
   1.5657771e-01  7.6011682e-01]]
[[ 5.54001005e-03 -2.17749983e-01 -1.04998995e-03 ...  5.17100036e-01
   2.25980014e-01  9.99999994e-09]
 [-3.51718664e-02 -2.29751587e-01  1.60814226e-02 ...  1.78338885e-01
   1.76724613e-01  8.68745148e-02]
 [-3.71484160e-02 -2.06495166e-01  1.07330680e-02 ...  1.59576714e-01
   1.68636113e-01  6.95867240e-02]
 ...
 [-1.31157637e-02 -3.08973730e-01  1.99924260e-01 ...  5.41857779e-01
   3.83126706e-01  3.05007994e-02]
 [-1.24816298e-02 -3.14460456e-01  1.97862595e-01 ...  5.52193224e-01
   3.61830056e-01  3.83258462e-02]
 [-1.25848055e-02 -3.19790184e-01  1.93202108e-01 ...  5.70215583e-01
   3.55124503e-01  5.54851890e-02]]
[[-2.0509990e-02 -2.3176000e-01 -1.1199900e-03 ...  3.7532002e-01
   1.0999001e-01  9.9999999e-09]
 [-3.0943453e-02 -2.2120011e-01  2.3398221e-02 ...  1.7985868e-01
   1.6743279e-01  8.5885614e-02]
 [-3.1844825e-02 -1.9853745e-01  1.8273115e-02 ...  1.6119623e-01
   1.6584963e-01  6.6428781e-02]
 ...
 [-1.2747467e-02 -3.0840862e-01  2.0001477e-01 ...  5.4166543e-01
   3.8284749e-01  3.0555010e-02]
 [-1.2105763e-02 -3.1390595e-01  1.9795284e-01 ...  5.5197155e-01
   3.6154804e-01  3.8375795e-02]
 [-1.2203932e-02 -3.1923497e-01  1.9329166e-01 ...  5.6999016e-01
   3.5484233e-01  5.5537343e-02]]
[[-2.4289990e-02 -1.7005000e-01  1.1800100e-03 ...  3.2509002e-01
   1.9942001e-01  9.9999999e-09]
 [-3.7091613e-02 -2.1395648e-01  2.8753519e-02 ...  1.7105818e-01
   1.8439126e-01  8.5879982e-02]
 [-4.0653348e-02 -1.8991280e-01  1.8595725e-02 ...  1.5117851e-01
   1.8377659e-01  7.6125264e-02]
 ...
 [-2.4175644e-03 -3.0848515e-01  2.0574185e-01 ...  5.5290163e-01
   4.0990031e-01  5.9502542e-02]
 [-2.0512342e-03 -3.1387895e-01  2.0345661e-01 ...  5.6352484e-01
   3.8820451e-01  6.8170011e-02]
 [-2.3732185e-03 -3.1917500e-01  1.9866455e-01 ...  5.8201373e-01
   3.8134113e-01  8.6282611e-02]]
[[ 1.3940010e-02 -2.1643999e-01 -2.3999000e-04 ...  2.0119001e-01
   2.3734000e-01  9.9999999e-09]
 [-3.5107851e-02 -2.1015072e-01  3.1084329e-02 ...  1.6706854e-01
   1.7013550e-01  6.4802110e-02]
 [-4.1690081e-02 -1.8551077e-01  2.1620452e-02 ...  1.4668989e-01
   1.7836910e-01  6.3466549e-02]
 ...
 [-5.6391358e-03 -3.0728823e-01  2.1299309e-01 ...  5.5734563e-01
   4.1161096e-01  4.5211643e-02]
 [-5.2781701e-03 -3.1266701e-01  2.1074274e-01 ...  5.6797296e-01
   3.8993806e-01  5.3858966e-02]
 [-5.5986643e-03 -3.1793463e-01  2.0596194e-01 ...  5.8644813e-01
   3.8309741e-01  7.1977764e-02]]
[[-1.0999900e-03 -2.3940998e-01  5.9100101e-03 ...  3.0580002e-01
   2.9207000e-01  9.9999999e-09]
 [-3.8588941e-02 -2.1155810e-01  4.1161358e-02 ...  1.6715324e-01
   1.8796858e-01  7.4939847e-02]
 [-3.9790332e-02 -1.8850648e-01  2.8262019e-02 ...  1.5078655e-01
   1.8442041e-01  6.5142274e-02]
 ...
 [-5.3009242e-02 -1.7528179e-01 -4.3069124e-02 ...  2.4456379e-01
   2.0176765e-01  7.8073072e-01]
 [-5.4273605e-02 -1.7879766e-01 -4.4881105e-02 ...  2.5218418e-01
   1.8946797e-01  7.8648323e-01]
 [-5.6540132e-02 -1.8278755e-01 -4.8078865e-02 ...  2.6391912e-01
   1.8581545e-01  7.9845178e-01]]
[[ 5.5400101e-03 -2.1774998e-01 -1.0499900e-03 ...  5.1710004e-01
   2.2598001e-01  9.9999999e-09]
 [-4.0702939e-02 -2.2091401e-01  2.1920145e-02 ...  1.7754197e-01
   1.9771910e-01  9.0051949e-02]
 [-4.4022977e-02 -1.9696060e-01  1.6648799e-02 ...  1.5752611e-01
   1.8979734e-01  7.4351549e-02]
 ...
 [-5.2009225e-03 -3.0715311e-01  2.1432224e-01 ...  5.5751479e-01
   4.1207117e-01  4.4594288e-02]
 [-4.8505068e-03 -3.1253287e-01  2.1207207e-01 ...  5.6818646e-01
   3.9040223e-01  5.3242445e-02]
 [-5.1687956e-03 -3.1779671e-01  2.0728761e-01 ...  5.8666152e-01
   3.8356084e-01  7.1350873e-02]]
[[-2.0509990e-02 -2.3176000e-01 -1.1199900e-03 ...  3.7532002e-01
   1.0999001e-01  9.9999999e-09]
 [-3.6466479e-02 -2.1153522e-01  2.9323518e-02 ...  1.7744243e-01
   1.8829656e-01  8.8719219e-02]
 [-3.8648039e-02 -1.8834552e-01  2.4539560e-02 ...  1.5737209e-01
   1.8682531e-01  7.0253074e-02]
 ...
 [-4.8307776e-03 -3.0658305e-01  2.1440929e-01 ...  5.5736727e-01
   4.1170824e-01  4.4680715e-02]
 [-4.4769049e-03 -3.1197709e-01  2.1215844e-01 ...  5.6800544e-01
   3.9003396e-01  5.3329587e-02]
 [-4.7983527e-03 -3.1723991e-01  2.0737326e-01 ...  5.8648229e-01
   3.8318592e-01  7.1444809e-02]]
[[-2.4289990e-02 -1.7005000e-01  1.1800100e-03 ...  3.2509002e-01
   1.9942001e-01  9.9999999e-09]
 [-4.8507452e-02 -2.0987272e-01  2.6971877e-02 ...  1.6593134e-01
   1.6539055e-01  9.4420195e-02]
 [-5.2309185e-02 -1.8566190e-01  1.5715599e-02 ...  1.4542067e-01
   1.6450518e-01  8.4413201e-02]
 ...
 [-1.0921478e-02 -2.9977155e-01  2.0228711e-01 ...  5.5940861e-01
   3.9295477e-01  7.4679136e-02]
 [-1.0719597e-02 -3.0509293e-01  1.9992083e-01 ...  5.7017928e-01
   3.7127289e-01  8.3452582e-02]
 [-1.1289597e-02 -3.1056345e-01  1.9492254e-01 ...  5.8901328e-01
   3.6459321e-01  1.0179466e-01]]
[[ 1.3940010e-02 -2.1643999e-01 -2.3999000e-04 ...  2.0119001e-01
   2.3734000e-01  9.9999999e-09]
 [-4.6211421e-02 -2.0605993e-01  2.9001892e-02 ...  1.6086954e-01
   1.5111229e-01  7.1835726e-02]
 [-5.3094923e-02 -1.8121463e-01  1.8280089e-02 ...  1.3994506e-01
   1.5903038e-01  6.9928825e-02]
 ...
 [-1.3811052e-02 -2.9836398e-01  2.0990881e-01 ...  5.6411672e-01
   3.9455467e-01  5.8826029e-02]
 [-1.3585687e-02 -3.0371773e-01  2.0755792e-01 ...  5.7489049e-01
   3.7286416e-01  6.7602754e-02]
 [-1.4132023e-02 -3.0919909e-01  2.0259327e-01 ...  5.9369308e-01
   3.6620623e-01  8.5928887e-02]]
[[-1.0999900e-03 -2.3940998e-01  5.9100101e-03 ...  3.0580002e-01
   2.9207000e-01  9.9999999e-09]
 [-4.9784362e-02 -2.0720172e-01  3.9606929e-02 ...  1.6170609e-01
   1.6904473e-01  8.2431257e-02]
 [-5.1187426e-02 -1.8399443e-01  2.5549710e-02 ...  1.4481118e-01
   1.6525429e-01  7.2149366e-02]
 ...
 [-5.4834813e-02 -1.7212111e-01 -4.3765932e-02 ...  2.4828023e-01
   1.8887764e-01  8.0334896e-01]
 [-5.5856764e-02 -1.7492872e-01 -4.5726776e-02 ...  2.5668600e-01
   1.7718932e-01  8.0974442e-01]
 [-5.7900608e-02 -1.7854248e-01 -4.9186200e-02 ...  2.6886916e-01
   1.7407644e-01  8.2216001e-01]]
[[ 5.5400101e-03 -2.1774998e-01 -1.0499900e-03 ...  5.1710004e-01
   2.2598001e-01  9.9999999e-09]
 [-5.1722407e-02 -2.1725476e-01  2.0354003e-02 ...  1.7394972e-01
   1.7885256e-01  9.7817153e-02]
 [-5.5174172e-02 -1.9317918e-01  1.4322311e-02 ...  1.5318346e-01
   1.7085373e-01  8.2533568e-02]
 ...
 [-1.3324738e-02 -2.9812047e-01  2.1144724e-01 ...  5.6431967e-01
   3.9510673e-01  5.8046699e-02]
 [-1.3110220e-02 -3.0346984e-01  2.0910254e-01 ...  5.7512766e-01
   3.7341258e-01  6.6821516e-02]
 [-1.3651311e-02 -3.0894041e-01  2.0414108e-01 ...  5.9392661e-01
   3.6675352e-01  8.5133314e-02]]
[[-2.0509990e-02 -2.3176000e-01 -1.1199900e-03 ...  3.7532002e-01
   1.0999001e-01  9.9999999e-09]
 [-4.7495604e-02 -2.0738149e-01  2.7974725e-02 ...  1.7281848e-01
   1.6922921e-01  9.6429467e-02]
 [-4.9870908e-02 -1.8400663e-01  2.1919727e-02 ...  1.5209195e-01
   1.6747913e-01  7.7772558e-02]
 ...
 [-1.2960017e-02 -2.9754597e-01  2.1153492e-01 ...  5.6419551e-01
   3.9469600e-01  5.8160841e-02]
 [-1.2741029e-02 -3.0290896e-01  2.0919293e-01 ...  5.7497102e-01
   3.7299910e-01  6.6942006e-02]
 [-1.3281286e-02 -3.0837807e-01  2.0423114e-01 ...  5.9377176e-01
   3.6633432e-01  8.5255414e-02]]
[[-2.4289990e-02 -1.7005000e-01  1.1800100e-03 ...  3.2509002e-01
   1.9942001e-01  9.9999999e-09]
 [-7.0579708e-02 -1.9469869e-01  1.9059628e-02 ...  1.6591555e-01
   1.7262205e-01  7.0579171e-02]
 [-7.4604750e-02 -1.7155769e-01  8.4054172e-03 ...  1.4445144e-01
   1.7189142e-01  6.1937720e-02]
 ...
 [-2.6639760e-02 -2.6926965e-01  1.9087842e-01 ...  5.8398664e-01
   3.9246395e-01  9.2042148e-02]
 [-2.6482642e-02 -2.7469781e-01  1.8839037e-01 ...  5.9469712e-01
   3.7090731e-01  1.0079098e-01]
 [-2.7351081e-02 -2.8033513e-01  1.8321845e-01 ...  6.1341047e-01
   3.6416391e-01  1.1929959e-01]]
[[ 1.3940010e-02 -2.1643999e-01 -2.3999000e-04 ...  2.0119001e-01
   2.3734000e-01  9.9999999e-09]
 [-6.7459345e-02 -1.9009113e-01  2.0757347e-02 ...  1.5785664e-01
   1.5807459e-01  4.1879594e-02]
 [-7.4343204e-02 -1.6635336e-01  1.0610580e-02 ...  1.3631681e-01
   1.6590858e-01  4.1199267e-02]
 ...
 [-2.7777910e-02 -2.6662695e-01  1.9994000e-01 ...  5.9007704e-01
   3.9370197e-01  6.8398714e-02]
 [-2.7632952e-02 -2.7205008e-01  1.9745904e-01 ...  6.0078406e-01
   3.7215552e-01  7.7172756e-02]
 [-2.8468966e-02 -2.7766907e-01  1.9230953e-01 ...  6.1947483e-01
   3.6541238e-01  9.5660746e-02]]
[[-1.0999900e-03 -2.3940998e-01  5.9100101e-03 ...  3.0580002e-01
   2.9207000e-01  9.9999999e-09]
 [-7.0833206e-02 -1.9056368e-01  3.2624364e-02 ...  1.6120076e-01
   1.7663482e-01  5.3917676e-02]
 [-7.2458148e-02 -1.6856280e-01  1.9311845e-02 ...  1.4365539e-01
   1.7285585e-01  4.4501156e-02]
 ...
 [-5.4668874e-02 -1.5225932e-01 -3.9814085e-02 ...  2.6653573e-01
   1.9621092e-01  8.1909096e-01]
 [-5.5175692e-02 -1.5361106e-01 -4.1922212e-02 ...  2.7811891e-01
   1.8681699e-01  8.2746696e-01]
 [-5.6731969e-02 -1.5657496e-01 -4.5361310e-02 ...  2.9259554e-01
   1.8544018e-01  8.4191608e-01]]
[[ 5.5400101e-03 -2.1774998e-01 -1.0499900e-03 ...  5.1710004e-01
   2.2598001e-01  9.9999999e-09]
 [-7.1886480e-02 -2.0261586e-01  1.4017612e-02 ...  1.7861062e-01
   1.8639472e-01  6.9716662e-02]
 [-7.5815976e-02 -1.7927608e-01  8.9909136e-03 ...  1.5617356e-01
   1.7904601e-01  5.6384176e-02]
 ...
 [-2.7124941e-02 -2.6590610e-01  2.0215771e-01 ...  5.9034133e-01
   3.9452174e-01  6.6990733e-02]
 [-2.6988268e-02 -2.7131197e-01  1.9967827e-01 ...  6.0108221e-01
   3.7297851e-01  7.5762421e-02]
 [-2.7818024e-02 -2.7692044e-01  1.9453171e-01 ...  6.1977428e-01
   3.6623842e-01  9.4233304e-02]]
[[-2.0509990e-02 -2.3176000e-01 -1.1199900e-03 ...  3.7532002e-01
   1.0999001e-01  9.9999999e-09]
 [-6.8030179e-02 -1.9132924e-01  2.1570504e-02 ...  1.7468917e-01
   1.7627093e-01  6.8031847e-02]
 [-7.1124256e-02 -1.6903396e-01  1.6119003e-02 ...  1.5238354e-01
   1.7496109e-01  5.0114363e-02]
 ...
 [-2.6793897e-02 -2.6532239e-01  2.0225295e-01 ...  5.9032047e-01
   3.9397073e-01  6.7196220e-02]
 [-2.6651025e-02 -2.7074212e-01  1.9977349e-01 ...  6.0103285e-01
   3.7242705e-01  7.5967520e-02]
 [-2.7482212e-02 -2.7634835e-01  1.9462717e-01 ...  6.1972421e-01
   3.6568105e-01  9.4441384e-02]]
[[-2.4289990e-02 -1.7005000e-01  1.1800100e-03 ...  3.2509002e-01
   1.9942001e-01  9.9999999e-09]
 [-6.5282881e-02 -2.1535021e-01  4.0156573e-02 ...  1.7299438e-01
   1.8761164e-01  6.7457914e-02]
 [-7.0513219e-02 -1.9256680e-01  2.9822707e-02 ...  1.5125063e-01
   1.8822420e-01  5.9424162e-02]
 ...
 [-2.1153927e-02 -2.8028262e-01  2.0334566e-01 ...  5.9454787e-01
   3.9873481e-01  1.2266466e-01]
 [-2.1011174e-02 -2.8581917e-01  2.0084867e-01 ...  6.0516328e-01
   3.7715000e-01  1.3144100e-01]
 [-2.1851301e-02 -2.9131168e-01  1.9569415e-01 ...  6.2378371e-01
   3.7028557e-01  1.4998418e-01]]
[[ 1.39400102e-02 -2.16439992e-01 -2.39989997e-04 ...  2.01190010e-01
   2.37340003e-01  9.99999994e-09]
 [-6.13645911e-02 -2.09798217e-01  4.18890119e-02 ...  1.63189530e-01
   1.73109680e-01  3.23126614e-02]
 [-6.90078139e-02 -1.86523482e-01  3.21100652e-02 ...  1.41366780e-01
   1.81755781e-01  3.17233503e-02]
 ...
 [-2.04222798e-02 -2.76418775e-01  2.13892519e-01 ...  6.02770269e-01
   3.99860501e-01  8.91425908e-02]
 [-2.02919245e-02 -2.81929106e-01  2.11387426e-01 ...  6.13394856e-01
   3.78289580e-01  9.79234874e-02]
 [-2.10906267e-02 -2.87439018e-01  2.06236571e-01 ...  6.32017136e-01
   3.71424705e-01  1.16439044e-01]]
[[-1.0999900e-03 -2.3940998e-01  5.9100101e-03 ...  3.0580002e-01
   2.9207000e-01  9.9999999e-09]
 [-6.4508498e-02 -2.0989877e-01  5.4716170e-02 ...  1.6847938e-01
   1.9201958e-01  4.4752151e-02]
 [-6.7336887e-02 -1.8840683e-01  4.1793883e-02 ...  1.5076530e-01
   1.8940300e-01  3.5586476e-02]
 ...
 [-3.7265897e-02 -1.5735848e-01 -2.2167981e-02 ...  2.8123596e-01
   2.0375755e-01  8.4428674e-01]
 [-3.7245125e-02 -1.5774876e-01 -2.3931921e-02 ...  2.9541770e-01
   1.9588271e-01  8.5398167e-01]
 [-3.8531333e-02 -1.6026229e-01 -2.7515441e-02 ...  3.1250387e-01
   1.9544050e-01  8.7011337e-01]]
[[ 5.5400101e-03 -2.1774998e-01 -1.0499900e-03 ...  5.1710004e-01
   2.2598001e-01  9.9999999e-09]
 [-6.4731359e-02 -2.2311664e-01  3.6694884e-02 ...  1.9000411e-01
   2.0132747e-01  6.0002327e-02]
 [-7.0257694e-02 -1.9996370e-01  3.1904370e-02 ...  1.6696623e-01
   1.9551915e-01  4.7468752e-02]
 ...
 [-1.9663334e-02 -2.7529794e-01  2.1654642e-01 ...  6.0307437e-01
   4.0089309e-01  8.7172180e-02]
 [-1.9546151e-02 -2.8078157e-01  2.1404731e-01 ...  6.1373860e-01
   3.7931982e-01  9.5947444e-02]
 [-2.0345628e-02 -2.8627837e-01  2.0890439e-01 ...  6.3235110e-01
   3.7245542e-01  1.1445013e-01]]
[[-2.0509990e-02 -2.3176000e-01 -1.1199900e-03 ...  3.7532002e-01
   1.0999001e-01  9.9999999e-09]
 [-6.1383545e-02 -2.1083188e-01  4.4189900e-02 ...  1.8378675e-01
   1.9128612e-01  5.8711857e-02]
 [-6.5813184e-02 -1.8893705e-01  3.9043516e-02 ...  1.6064692e-01
   1.9140914e-01  4.1166753e-02]
 ...
 [-1.9378304e-02 -2.7471215e-01  2.1663910e-01 ...  6.0312033e-01
   4.0023702e-01  8.7490350e-02]
 [-1.9258857e-02 -2.8020608e-01  2.1414223e-01 ...  6.1376172e-01
   3.7866604e-01  9.6268266e-02]
 [-2.0061612e-02 -2.8570020e-01  2.0899829e-01 ...  6.3237405e-01
   3.7179419e-01  1.1478034e-01]]
[[-2.4289990e-02 -1.7005000e-01  1.1800100e-03 ...  3.2509002e-01
   1.9942001e-01  9.9999999e-09]
 [-7.4953496e-02 -1.8861449e-01  4.0917814e-02 ...  1.8629700e-01
   1.6494972e-01  6.8484068e-02]
 [-8.0692679e-02 -1.6672444e-01  3.0402541e-02 ...  1.6482168e-01
   1.6610473e-01  5.9380174e-02]
 ...
 [-3.0452251e-02 -2.4989152e-01  2.0162138e-01 ...  6.0654098e-01
   3.7366968e-01  1.3820329e-01]
 [-3.0263007e-02 -2.5539553e-01  1.9905806e-01 ...  6.1712521e-01
   3.5223931e-01  1.4696077e-01]
 [-3.1113625e-02 -2.6085743e-01  1.9386685e-01 ...  6.3566935e-01
   3.4538057e-01  1.6544318e-01]]
[[ 1.3940010e-02 -2.1643999e-01 -2.3999000e-04 ...  2.0119001e-01
   2.3734000e-01  9.9999999e-09]
 [-7.0541143e-02 -1.8238580e-01  4.2620838e-02 ...  1.7563301e-01
   1.5039816e-01  2.8808534e-02]
 [-7.8430593e-02 -1.6016984e-01  3.2834411e-02 ...  1.5474495e-01
   1.5951046e-01  2.7144641e-02]
 ...
 [-2.8521895e-02 -2.4538404e-01  2.1300212e-01 ...  6.1656260e-01
   3.7469542e-01  9.7607493e-02]
 [-2.8327942e-02 -2.5088120e-01  2.1043649e-01 ...  6.2714332e-01
   3.5326785e-01  1.0643387e-01]
 [-2.9128373e-02 -2.5637227e-01  2.0529696e-01 ...  6.4571118e-01
   3.4639519e-01  1.2487450e-01]]
[[-1.0999900e-03 -2.3940998e-01  5.9100101e-03 ...  3.0580002e-01
   2.9207000e-01  9.9999999e-09]
 [-7.3521018e-02 -1.8243957e-01  5.6058556e-02 ...  1.8227589e-01
   1.6958684e-01  4.1386515e-02]
 [-7.6800108e-02 -1.6202006e-01  4.2952508e-02 ...  1.6497505e-01
   1.6735184e-01  3.1055242e-02]
 ...
 [-4.2548805e-02 -1.2964472e-01 -1.4775395e-02 ...  2.9925954e-01
   1.7946750e-01  8.6254191e-01]
 [-4.2121828e-02 -1.2939805e-01 -1.6639650e-02 ...  3.1437248e-01
   1.7232287e-01  8.7271488e-01]
 [-4.3109566e-02 -1.3150086e-01 -2.0712614e-02 ...  3.3217102e-01
   1.7254657e-01  8.8812077e-01]]
[[ 5.54001005e-03 -2.17749983e-01 -1.04998995e-03 ...  5.17100036e-01
   2.25980014e-01  9.99999994e-09]
 [-7.30873942e-02 -1.96521223e-01  3.84969711e-02 ...  2.05942631e-01
   1.78770632e-01  5.61738610e-02]
 [-7.93671310e-02 -1.73829764e-01  3.35758626e-02 ...  1.82393938e-01
   1.73297852e-01  4.24968302e-02]
 ...
 [-2.76795030e-02 -2.44078398e-01  2.15910852e-01 ...  6.16905689e-01
   3.75866055e-01  9.52751040e-02]
 [-2.75030732e-02 -2.49545932e-01  2.13351727e-01 ...  6.27514124e-01
   3.54431033e-01  1.04089260e-01]
 [-2.82918811e-02 -2.55018622e-01  2.08201170e-01 ...  6.46082520e-01
   3.47547531e-01  1.22519076e-01]]
[[-2.05099899e-02 -2.31759995e-01 -1.11999002e-03 ...  3.75320017e-01
   1.09990008e-01  9.99999994e-09]
 [-7.02152848e-02 -1.83561087e-01  4.57949638e-02 ...  1.98711395e-01
   1.68588817e-01  5.53049147e-02]
 [-7.54686296e-02 -1.62628382e-01  4.06067967e-02 ...  1.75051183e-01
   1.69394404e-01  3.61884534e-02]
 ...
 [-2.74215341e-02 -2.43485361e-01  2.16001928e-01 ...  6.16986871e-01
   3.75161052e-01  9.56765711e-02]
 [-2.72473097e-02 -2.48963207e-01  2.13444710e-01 ...  6.27572000e-01
   3.53726983e-01  1.04495019e-01]
 [-2.80364752e-02 -2.54423022e-01  2.08293408e-01 ...  6.46146476e-01
   3.46840233e-01  1.22927934e-01]]
[[-2.4289990e-02 -1.7005000e-01  1.1800100e-03 ...  3.2509002e-01
   1.9942001e-01  9.9999999e-09]
 [-6.5048337e-02 -2.1304870e-01  2.8414607e-02 ...  1.8429774e-01
   1.7018938e-01  7.1048886e-02]
 [-7.0877194e-02 -1.9149128e-01  1.8081903e-02 ...  1.6147166e-01
   1.7100915e-01  6.1707884e-02]
 ...
 [-2.2099137e-02 -2.6925743e-01  1.8573138e-01 ...  6.0215557e-01
   3.8084549e-01  1.5467080e-01]
 [-2.1948576e-02 -2.7464011e-01  1.8315333e-01 ...  6.1271429e-01
   3.5954088e-01  1.6348046e-01]
 [-2.2715569e-02 -2.8001991e-01  1.7797339e-01 ...  6.3120526e-01
   3.5271460e-01  1.8192965e-01]]
[[ 1.39400102e-02 -2.16439992e-01 -2.39989997e-04 ...  2.01190010e-01
   2.37340003e-01  9.99999994e-09]
 [-6.01427555e-02 -2.06243455e-01  3.05490494e-02 ...  1.73227489e-01
   1.55606449e-01  2.56681144e-02]
 [-6.80720210e-02 -1.84457496e-01  2.08307207e-02 ...  1.51376158e-01
   1.64300084e-01  2.39528716e-02]
 ...
 [-1.88124776e-02 -2.64019847e-01  1.98434025e-01 ...  6.14458382e-01
   3.82125109e-01  1.04537398e-01]
 [-1.86150074e-02 -2.69386172e-01  1.95884079e-01 ...  6.24967635e-01
   3.60808015e-01  1.13349736e-01]
 [-1.93595290e-02 -2.74809599e-01  1.90764159e-01 ...  6.43506467e-01
   3.53979409e-01  1.31788075e-01]]
[[-1.0999900e-03 -2.3940998e-01  5.9100101e-03 ...  3.0580002e-01
   2.9207000e-01  9.9999999e-09]
 [-6.2950730e-02 -2.0613950e-01  4.4472069e-02 ...  1.8116814e-01
   1.7524615e-01  3.8087100e-02]
 [-6.6290915e-02 -1.8620011e-01  3.1713068e-02 ...  1.6293779e-01
   1.7255855e-01  2.7261913e-02]
 ...
 [-2.8186381e-02 -1.5751770e-01 -2.4535686e-02 ...  2.9318738e-01
   1.8597102e-01  8.5243052e-01]
 [-2.7850211e-02 -1.5659317e-01 -2.6685178e-02 ...  3.0999374e-01
   1.7916265e-01  8.6218542e-01]
 [-2.8804481e-02 -1.5829355e-01 -3.1812042e-02 ...  3.3012748e-01
   1.7943189e-01  8.7796915e-01]]
[[ 5.54001005e-03 -2.17749983e-01 -1.04998995e-03 ...  5.17100036e-01
   2.25980014e-01  9.99999994e-09]
 [-6.17914200e-02 -2.20806718e-01  2.72822380e-02 ...  2.06812739e-01
   1.84440583e-01  5.22018671e-02]
 [-6.84539080e-02 -1.98496938e-01  2.27478147e-02 ...  1.81782365e-01
   1.78935349e-01  3.85221541e-02]
 ...
 [-1.79001093e-02 -2.62469888e-01  2.01582640e-01 ...  6.14878118e-01
   3.83394897e-01  1.01720452e-01]
 [-1.76959038e-02 -2.67824829e-01  1.99044526e-01 ...  6.25408053e-01
   3.62075120e-01  1.10515684e-01]
 [-1.84357166e-02 -2.73230851e-01  1.93915129e-01 ...  6.43947482e-01
   3.55241299e-01  1.28943950e-01]]
[[-2.0509990e-02 -2.3176000e-01 -1.1199900e-03 ...  3.7532002e-01
   1.0999001e-01  9.9999999e-09]
 [-5.9412718e-02 -2.0728636e-01  3.4471214e-02 ...  1.9842649e-01
   1.7412722e-01  5.1807880e-02]
 [-6.4817041e-02 -1.8687037e-01  2.9489458e-02 ...  1.7352369e-01
   1.7472002e-01  3.2184720e-02]
 ...
 [-1.7678559e-02 -2.6187015e-01  2.0166221e-01 ...  6.1500055e-01
   3.8263625e-01  1.0224220e-01]
 [-1.7471015e-02 -2.6724115e-01  1.9912618e-01 ...  6.2549990e-01
   3.6131734e-01  1.1103502e-01]
 [-1.8210948e-02 -2.7263746e-01  1.9399533e-01 ...  6.4404446e-01
   3.5448280e-01  1.2946385e-01]]
