[[-0.02585999 -0.16711     0.00062001 ...  0.31187     0.19479
   0.02380001]
 [-0.03153999 -0.16266999 -0.00171999 ...  0.28704     0.18734
   0.04760001]
 [-0.03365999 -0.1591     -0.00336999 ...  0.26041     0.18364
   0.07140001]
 ...
 [ 0.          0.          0.         ...  0.          0.
   0.        ]
 [ 0.          0.          0.         ...  0.          0.
   0.        ]
 [ 0.          0.          0.         ...  0.          0.
   0.        ]]
[[ 0.01324001 -0.21637999 -0.00027999 ...  0.20757002  0.23332001
   0.00900001]
 [ 0.00887001 -0.21604998  0.00065001 ...  0.21229     0.23467001
   0.01800001]
 [ 0.00612001 -0.21584     0.00043001 ...  0.21861     0.23154001
   0.02700001]
 ...
 [ 0.          0.          0.         ...  0.          0.
   0.        ]
 [ 0.          0.          0.         ...  0.          0.
   0.        ]
 [ 0.          0.          0.         ...  0.          0.
   0.        ]]
[[-1.3699899e-03 -2.3878999e-01 -2.7599900e-03 ...  3.0183002e-01
   2.5076002e-01  6.8000099e-03]
 [-5.0099902e-03 -2.3714998e-01 -4.7799898e-03 ...  2.9826000e-01
   2.3062001e-01  1.3500010e-02]
 [-2.6399901e-03 -2.3729999e-01  9.0009999e-05 ...  2.9310000e-01
   2.2600001e-01  2.0300010e-02]
 ...
 [-1.5879991e-02 -2.3286998e-01  4.4800099e-03 ...  5.4410011e-02
   1.4428002e-01  9.7970003e-01]
 [-2.1249991e-02 -2.3226999e-01  2.5300100e-03 ...  5.3970009e-02
   1.5068001e-01  9.8650002e-01]
 [-2.4359990e-02 -2.3188999e-01  8.4001001e-04 ...  5.3770009e-02
   1.5189001e-01  9.9320000e-01]]
[[ 0.00567001 -0.21742     0.00191001 ...  0.51509     0.22898
   0.00700001]
 [ 0.00599001 -0.21623999  0.00140001 ...  0.5097      0.23593001
   0.01410001]
 [ 0.00617001 -0.21573    -0.00274999 ...  0.50755     0.23982
   0.02110001]
 ...
 [ 0.          0.          0.         ...  0.          0.
   0.        ]
 [ 0.          0.          0.         ...  0.          0.
   0.        ]
 [ 0.          0.          0.         ...  0.          0.
   0.        ]]
[[-0.01953999 -0.23263998 -0.00347999 ...  0.37858     0.11561001
   0.01080001]
 [-0.01844999 -0.23278    -0.01039999 ...  0.37457     0.13261001
   0.02150001]
 [-0.01467999 -0.23265     0.01282001 ...  0.36227     0.2601
   0.03230001]
 ...
 [ 0.          0.          0.         ...  0.          0.
   0.        ]
 [ 0.          0.          0.         ...  0.          0.
   0.        ]
 [ 0.          0.          0.         ...  0.          0.
   0.        ]]
[[-0.02585999 -0.16711     0.00062001 ...  0.31187     0.19479
   0.02380001]
 [-0.03153999 -0.16266999 -0.00171999 ...  0.28704     0.18734
   0.04760001]
 [-0.03365999 -0.1591     -0.00336999 ...  0.26041     0.18364
   0.07140001]
 ...
 [ 0.          0.          0.         ...  0.          0.
   0.        ]
 [ 0.          0.          0.         ...  0.          0.
   0.        ]
 [ 0.          0.          0.         ...  0.          0.
   0.        ]]
[[ 0.01324001 -0.21637999 -0.00027999 ...  0.20757002  0.23332001
   0.00900001]
 [ 0.00887001 -0.21604998  0.00065001 ...  0.21229     0.23467001
   0.01800001]
 [ 0.00612001 -0.21584     0.00043001 ...  0.21861     0.23154001
   0.02700001]
 ...
 [ 0.          0.          0.         ...  0.          0.
   0.        ]
 [ 0.          0.          0.         ...  0.          0.
   0.        ]
 [ 0.          0.          0.         ...  0.          0.
   0.        ]]
[[-1.3699899e-03 -2.3878999e-01 -2.7599900e-03 ...  3.0183002e-01
   2.5076002e-01  6.8000099e-03]
 [-5.0099902e-03 -2.3714998e-01 -4.7799898e-03 ...  2.9826000e-01
   2.3062001e-01  1.3500010e-02]
 [-2.6399901e-03 -2.3729999e-01  9.0009999e-05 ...  2.9310000e-01
   2.2600001e-01  2.0300010e-02]
 ...
 [-1.5879991e-02 -2.3286998e-01  4.4800099e-03 ...  5.4410011e-02
   1.4428002e-01  9.7970003e-01]
 [-2.1249991e-02 -2.3226999e-01  2.5300100e-03 ...  5.3970009e-02
   1.5068001e-01  9.8650002e-01]
 [-2.4359990e-02 -2.3188999e-01  8.4001001e-04 ...  5.3770009e-02
   1.5189001e-01  9.9320000e-01]]
[[ 0.00567001 -0.21742     0.00191001 ...  0.51509     0.22898
   0.00700001]
 [ 0.00599001 -0.21623999  0.00140001 ...  0.5097      0.23593001
   0.01410001]
 [ 0.00617001 -0.21573    -0.00274999 ...  0.50755     0.23982
   0.02110001]
 ...
 [ 0.          0.          0.         ...  0.          0.
   0.        ]
 [ 0.          0.          0.         ...  0.          0.
   0.        ]
 [ 0.          0.          0.         ...  0.          0.
   0.        ]]
[[-0.01953999 -0.23263998 -0.00347999 ...  0.37858     0.11561001
   0.01080001]
 [-0.01844999 -0.23278    -0.01039999 ...  0.37457     0.13261001
   0.02150001]
 [-0.01467999 -0.23265     0.01282001 ...  0.36227     0.2601
   0.03230001]
 ...
 [ 0.          0.          0.         ...  0.          0.
   0.        ]
 [ 0.          0.          0.         ...  0.          0.
   0.        ]
 [ 0.          0.          0.         ...  0.          0.
   0.        ]]
[[-0.02585999 -0.16711     0.00062001 ...  0.31187     0.19479
   0.02380001]
 [-0.03153999 -0.16266999 -0.00171999 ...  0.28704     0.18734
   0.04760001]
 [-0.03365999 -0.1591     -0.00336999 ...  0.26041     0.18364
   0.07140001]
 ...
 [ 0.          0.          0.         ...  0.          0.
   0.        ]
 [ 0.          0.          0.         ...  0.          0.
   0.        ]
 [ 0.          0.          0.         ...  0.          0.
   0.        ]]
[[ 0.01324001 -0.21637999 -0.00027999 ...  0.20757002  0.23332001
   0.00900001]
 [ 0.00887001 -0.21604998  0.00065001 ...  0.21229     0.23467001
   0.01800001]
 [ 0.00612001 -0.21584     0.00043001 ...  0.21861     0.23154001
   0.02700001]
 ...
 [ 0.          0.          0.         ...  0.          0.
   0.        ]
 [ 0.          0.          0.         ...  0.          0.
   0.        ]
 [ 0.          0.          0.         ...  0.          0.
   0.        ]]
[[-1.3699899e-03 -2.3878999e-01 -2.7599900e-03 ...  3.0183002e-01
   2.5076002e-01  6.8000099e-03]
 [-5.0099902e-03 -2.3714998e-01 -4.7799898e-03 ...  2.9826000e-01
   2.3062001e-01  1.3500010e-02]
 [-2.6399901e-03 -2.3729999e-01  9.0009999e-05 ...  2.9310000e-01
   2.2600001e-01  2.0300010e-02]
 ...
 [-1.5879991e-02 -2.3286998e-01  4.4800099e-03 ...  5.4410011e-02
   1.4428002e-01  9.7970003e-01]
 [-2.1249991e-02 -2.3226999e-01  2.5300100e-03 ...  5.3970009e-02
   1.5068001e-01  9.8650002e-01]
 [-2.4359990e-02 -2.3188999e-01  8.4001001e-04 ...  5.3770009e-02
   1.5189001e-01  9.9320000e-01]]
[[ 0.00567001 -0.21742     0.00191001 ...  0.51509     0.22898
   0.00700001]
 [ 0.00599001 -0.21623999  0.00140001 ...  0.5097      0.23593001
   0.01410001]
 [ 0.00617001 -0.21573    -0.00274999 ...  0.50755     0.23982
   0.02110001]
 ...
 [ 0.          0.          0.         ...  0.          0.
   0.        ]
 [ 0.          0.          0.         ...  0.          0.
   0.        ]
 [ 0.          0.          0.         ...  0.          0.
   0.        ]]
[[-0.01953999 -0.23263998 -0.00347999 ...  0.37858     0.11561001
   0.01080001]
 [-0.01844999 -0.23278    -0.01039999 ...  0.37457     0.13261001
   0.02150001]
 [-0.01467999 -0.23265     0.01282001 ...  0.36227     0.2601
   0.03230001]
 ...
 [ 0.          0.          0.         ...  0.          0.
   0.        ]
 [ 0.          0.          0.         ...  0.          0.
   0.        ]
 [ 0.          0.          0.         ...  0.          0.
   0.        ]]
[[-0.02585999 -0.16711     0.00062001 ...  0.31187     0.19479
   0.02380001]
 [-0.03153999 -0.16266999 -0.00171999 ...  0.28704     0.18734
   0.04760001]
 [-0.03365999 -0.1591     -0.00336999 ...  0.26041     0.18364
   0.07140001]
 ...
 [ 0.          0.          0.         ...  0.          0.
   0.        ]
 [ 0.          0.          0.         ...  0.          0.
   0.        ]
 [ 0.          0.          0.         ...  0.          0.
   0.        ]]
[[ 0.01324001 -0.21637999 -0.00027999 ...  0.20757002  0.23332001
   0.00900001]
 [ 0.00887001 -0.21604998  0.00065001 ...  0.21229     0.23467001
   0.01800001]
 [ 0.00612001 -0.21584     0.00043001 ...  0.21861     0.23154001
   0.02700001]
 ...
 [ 0.          0.          0.         ...  0.          0.
   0.        ]
 [ 0.          0.          0.         ...  0.          0.
   0.        ]
 [ 0.          0.          0.         ...  0.          0.
   0.        ]]
[[-1.3699899e-03 -2.3878999e-01 -2.7599900e-03 ...  3.0183002e-01
   2.5076002e-01  6.8000099e-03]
 [-5.0099902e-03 -2.3714998e-01 -4.7799898e-03 ...  2.9826000e-01
   2.3062001e-01  1.3500010e-02]
 [-2.6399901e-03 -2.3729999e-01  9.0009999e-05 ...  2.9310000e-01
   2.2600001e-01  2.0300010e-02]
 ...
 [-1.5879991e-02 -2.3286998e-01  4.4800099e-03 ...  5.4410011e-02
   1.4428002e-01  9.7970003e-01]
 [-2.1249991e-02 -2.3226999e-01  2.5300100e-03 ...  5.3970009e-02
   1.5068001e-01  9.8650002e-01]
 [-2.4359990e-02 -2.3188999e-01  8.4001001e-04 ...  5.3770009e-02
   1.5189001e-01  9.9320000e-01]]
[[ 0.00567001 -0.21742     0.00191001 ...  0.51509     0.22898
   0.00700001]
 [ 0.00599001 -0.21623999  0.00140001 ...  0.5097      0.23593001
   0.01410001]
 [ 0.00617001 -0.21573    -0.00274999 ...  0.50755     0.23982
   0.02110001]
 ...
 [ 0.          0.          0.         ...  0.          0.
   0.        ]
 [ 0.          0.          0.         ...  0.          0.
   0.        ]
 [ 0.          0.          0.         ...  0.          0.
   0.        ]]
[[-0.01953999 -0.23263998 -0.00347999 ...  0.37858     0.11561001
   0.01080001]
 [-0.01844999 -0.23278    -0.01039999 ...  0.37457     0.13261001
   0.02150001]
 [-0.01467999 -0.23265     0.01282001 ...  0.36227     0.2601
   0.03230001]
 ...
 [ 0.          0.          0.         ...  0.          0.
   0.        ]
 [ 0.          0.          0.         ...  0.          0.
   0.        ]
 [ 0.          0.          0.         ...  0.          0.
   0.        ]]
[[-0.02585999 -0.16711     0.00062001 ...  0.31187     0.19479
   0.02380001]
 [-0.03153999 -0.16266999 -0.00171999 ...  0.28704     0.18734
   0.04760001]
 [-0.03365999 -0.1591     -0.00336999 ...  0.26041     0.18364
   0.07140001]
 ...
 [ 0.          0.          0.         ...  0.          0.
   0.        ]
 [ 0.          0.          0.         ...  0.          0.
   0.        ]
 [ 0.          0.          0.         ...  0.          0.
   0.        ]]
[[ 0.01324001 -0.21637999 -0.00027999 ...  0.20757002  0.23332001
   0.00900001]
 [ 0.00887001 -0.21604998  0.00065001 ...  0.21229     0.23467001
   0.01800001]
 [ 0.00612001 -0.21584     0.00043001 ...  0.21861     0.23154001
   0.02700001]
 ...
 [ 0.          0.          0.         ...  0.          0.
   0.        ]
 [ 0.          0.          0.         ...  0.          0.
   0.        ]
 [ 0.          0.          0.         ...  0.          0.
   0.        ]]
[[-1.3699899e-03 -2.3878999e-01 -2.7599900e-03 ...  3.0183002e-01
   2.5076002e-01  6.8000099e-03]
 [-5.0099902e-03 -2.3714998e-01 -4.7799898e-03 ...  2.9826000e-01
   2.3062001e-01  1.3500010e-02]
 [-2.6399901e-03 -2.3729999e-01  9.0009999e-05 ...  2.9310000e-01
   2.2600001e-01  2.0300010e-02]
 ...
 [-1.5879991e-02 -2.3286998e-01  4.4800099e-03 ...  5.4410011e-02
   1.4428002e-01  9.7970003e-01]
 [-2.1249991e-02 -2.3226999e-01  2.5300100e-03 ...  5.3970009e-02
   1.5068001e-01  9.8650002e-01]
 [-2.4359990e-02 -2.3188999e-01  8.4001001e-04 ...  5.3770009e-02
   1.5189001e-01  9.9320000e-01]]
[[ 0.00567001 -0.21742     0.00191001 ...  0.51509     0.22898
   0.00700001]
 [ 0.00599001 -0.21623999  0.00140001 ...  0.5097      0.23593001
   0.01410001]
 [ 0.00617001 -0.21573    -0.00274999 ...  0.50755     0.23982
   0.02110001]
 ...
 [ 0.          0.          0.         ...  0.          0.
   0.        ]
 [ 0.          0.          0.         ...  0.          0.
   0.        ]
 [ 0.          0.          0.         ...  0.          0.
   0.        ]]
[[-0.01953999 -0.23263998 -0.00347999 ...  0.37858     0.11561001
   0.01080001]
 [-0.01844999 -0.23278    -0.01039999 ...  0.37457     0.13261001
   0.02150001]
 [-0.01467999 -0.23265     0.01282001 ...  0.36227     0.2601
   0.03230001]
 ...
 [ 0.          0.          0.         ...  0.          0.
   0.        ]
 [ 0.          0.          0.         ...  0.          0.
   0.        ]
 [ 0.          0.          0.         ...  0.          0.
   0.        ]]
[[-0.02585999 -0.16711     0.00062001 ...  0.31187     0.19479
   0.02380001]
 [-0.03153999 -0.16266999 -0.00171999 ...  0.28704     0.18734
   0.04760001]
 [-0.03365999 -0.1591     -0.00336999 ...  0.26041     0.18364
   0.07140001]
 ...
 [ 0.          0.          0.         ...  0.          0.
   0.        ]
 [ 0.          0.          0.         ...  0.          0.
   0.        ]
 [ 0.          0.          0.         ...  0.          0.
   0.        ]]
[[ 0.01324001 -0.21637999 -0.00027999 ...  0.20757002  0.23332001
   0.00900001]
 [ 0.00887001 -0.21604998  0.00065001 ...  0.21229     0.23467001
   0.01800001]
 [ 0.00612001 -0.21584     0.00043001 ...  0.21861     0.23154001
   0.02700001]
 ...
 [ 0.          0.          0.         ...  0.          0.
   0.        ]
 [ 0.          0.          0.         ...  0.          0.
   0.        ]
 [ 0.          0.          0.         ...  0.          0.
   0.        ]]
[[-1.3699899e-03 -2.3878999e-01 -2.7599900e-03 ...  3.0183002e-01
   2.5076002e-01  6.8000099e-03]
 [-5.0099902e-03 -2.3714998e-01 -4.7799898e-03 ...  2.9826000e-01
   2.3062001e-01  1.3500010e-02]
 [-2.6399901e-03 -2.3729999e-01  9.0009999e-05 ...  2.9310000e-01
   2.2600001e-01  2.0300010e-02]
 ...
 [-1.5879991e-02 -2.3286998e-01  4.4800099e-03 ...  5.4410011e-02
   1.4428002e-01  9.7970003e-01]
 [-2.1249991e-02 -2.3226999e-01  2.5300100e-03 ...  5.3970009e-02
   1.5068001e-01  9.8650002e-01]
 [-2.4359990e-02 -2.3188999e-01  8.4001001e-04 ...  5.3770009e-02
   1.5189001e-01  9.9320000e-01]]
[[ 0.00567001 -0.21742     0.00191001 ...  0.51509     0.22898
   0.00700001]
 [ 0.00599001 -0.21623999  0.00140001 ...  0.5097      0.23593001
   0.01410001]
 [ 0.00617001 -0.21573    -0.00274999 ...  0.50755     0.23982
   0.02110001]
 ...
 [ 0.          0.          0.         ...  0.          0.
   0.        ]
 [ 0.          0.          0.         ...  0.          0.
   0.        ]
 [ 0.          0.          0.         ...  0.          0.
   0.        ]]
[[-0.01953999 -0.23263998 -0.00347999 ...  0.37858     0.11561001
   0.01080001]
 [-0.01844999 -0.23278    -0.01039999 ...  0.37457     0.13261001
   0.02150001]
 [-0.01467999 -0.23265     0.01282001 ...  0.36227     0.2601
   0.03230001]
 ...
 [ 0.          0.          0.         ...  0.          0.
   0.        ]
 [ 0.          0.          0.         ...  0.          0.
   0.        ]
 [ 0.          0.          0.         ...  0.          0.
   0.        ]]
